NAME:left_eye
IMAGE_WIDTH:640
IMAGE_HEIGHT:480
FX:489.8101561023
FY:489.9368855071
CX:337.1538827293
CY:199.7854263788
K1:0.3971720584
K2:-4.6578075772
P1:-0.0002200534
P2:-0.0001657913
K3:1.0356688122
K4:0.4945862283
K5:-4.5415980165
K6:0.4951972573
RMS:0.237810
