NAME:left_hand
IMAGE_WIDTH:640
IMAGE_HEIGHT:480
FX:459.7965089409
FY:464.6012306721
CX:307.4268832565
CY:265.2771417837
K1:0.5602853377
K2:0.8131197368
P1:-0.0001798032
P2:-0.0021247616
K3:-6.5643456184
K4:0.4907803925
K5:1.6314530578
K6:-7.6740318084
RMS:2.390998
