NAME:right_hand
IMAGE_WIDTH:640
IMAGE_HEIGHT:480
FX:527.0419899727
FY:521.0075742928
CX:293.3914874569
CY:154.6047571626
K1:-0.4408591963
K2:2.0457972079
P1:0.0240231233
P2:0.0545514222
K3:16.8115235415
K4:1.1648716689
K5:-3.5823461537
K6:31.7080060300
RMS:3.653338
