NAME:right_eye
IMAGE_WIDTH:640
IMAGE_HEIGHT:480
FX:488.9708508465
FY:489.1871102768
CX:312.2779793565
CY:200.8786500542
K1:-3.3825718135
K2:3.2124583416
P1:0.0001953807
P2:0.0001366308
K3:-0.9891119710
K4:-3.2837918860
K5:2.9252612682
K6:-0.8157346583
RMS:0.242714
