%YAML:1.0
---
left_eye_rms: 1.0360090611894692
left_eye_K: !!opencv-matrix
   rows: 3
   cols: 3
   dt: d
   data: [ 491.056879938025, 0., 339.157983921000, 0.,
       490.949308431934, 199.618153722635, 0., 0., 1. ]
left_eye_D: !!opencv-matrix
   rows: 1
   cols: 5
   dt: d
   data: [ -0.099545746398901624, -0.04073567426754144,
       -0.00025880949272989094, -0.00049484456624027779,
       0.020130734073212871 ]
right_eye_rms: 0.93709712286434477
right_eye_K: !!opencv-matrix
   rows: 3
   cols: 3
   dt: d
   data: [ 480.9994754017481, 0., 308.49697312122566, 0.,
       481.12680474687363, 201.76422567833009, 0., 0., 1. ]
right_eye_D: !!opencv-matrix
   rows: 1
   cols: 5
   dt: d
   data: [ -0.093149874388585602, -0.060616249845316127,
       -0.00060371011489276049, -0.00047160820442626491,
       0.044186661783239711 ]
right_hand_rms: 2.9267057522997075
right_hand_K: !!opencv-matrix
   rows: 3
   cols: 3
   dt: d
   data: [ 472.42071507220351, 0., 327.74674209647475, 0.,
       458.33570763857045, 232.63127930612197, 0., 0., 1. ]
right_hand_D: !!opencv-matrix
   rows: 1
   cols: 5
   dt: d
   data: [ -0.17271927599566853, 0.22085207294654552,
       -0.0017078011477794251, -0.0093287687917208272,
       -0.36375579926517931 ]
left_hand_rms: 1.1808931472602151
left_hand_K: !!opencv-matrix
   rows: 3
   cols: 3
   dt: d
   data: [ 487.36919685143818, 0., 315.07450690884082, 0.,
       487.31559919496232, 253.71468934350261, 0., 0., 1. ]
left_hand_D: !!opencv-matrix
   rows: 1
   cols: 5
   dt: d
   data: [ -0.12928268069074503, 0.14265216904177475,
       -0.0013392291905350118, -0.00100722113971192,
       -0.29706287073433196 ]
stereo_rms: 1.1266064671080498
stereo_R: !!opencv-matrix
   rows: 3
   cols: 3
   dt: d
   data: [ 0.9999987739523033, -0.0011898945337857421,
       0.0010179611429939697, 0.0011902078280484371, 0.99999924451153865,
       -0.00030721601199356556, -0.0010175948192827041,
       0.00030842722065313932, 0.99999943468655683 ]
stereo_T: !!opencv-matrix
   rows: 3
   cols: 1
   dt: d
   data: [ 59.463516689756631, -0.94741894570546925, 1.1806883163977304 ]
stereo_E: !!opencv-matrix
   rows: 3
   cols: 3
   dt: d
   data: [ -0.00044117586582174148, -1.180979634193549,
       -0.94705568376083182, 1.2411966353373665, -0.019745061756669551,
       -59.462281179403192, 1.0181917271720904, 59.4623444371312,
       -0.017303708783675376 ]
stereo_F: !!opencv-matrix
   rows: 3
   cols: 3
   dt: d
   data: [ 8.0012545212846857e-09, 2.1409616982580255e-05,
       0.0039103068234698406, -2.2504635234358553e-05,
       3.5785742736085122e-07, 0.52593316966320958,
       -0.004344037197033219, -0.52518220994591724, 1. ]
stereo_R1: !!opencv-matrix
   rows: 3
   cols: 3
   dt: d
   data: [ 0.99963572549207569, -0.017110991446607635,
       0.020871758230821668, 0.017114242354054877, 0.99985354036762786,
       2.2868473403182024e-05, -0.020869092663037034,
       0.00033434418571618905, 0.99978216086574945 ]
stereo_R2: !!opencv-matrix
   rows: 3
   cols: 3
   dt: d
   data: [ 0.99967610680505381, -0.015927616392040492,
       0.019849244800719215, 0.015924524388064742, 0.99987314746947575,
       0.00031383514465044542, -0.019851725519581594,
       2.3562873309158038e-06, 0.99980293507687967 ]
stereo_P1: !!opencv-matrix
   rows: 3
   cols: 4
   dt: d
   data: [ 479.17762410344159, 0., 309.1547737121582, 0., 0.,
       479.17762410344159, 193.8014087677002, 0., 0., 0., 1., 0. ]
stereo_P2: !!opencv-matrix
   rows: 3
   cols: 4
   dt: d
   data: [ 479.17762410344159, 0., 309.1547737121582, 28502.818517187436,
       0., 479.17762410344159, 193.8014087677002, 0., 0., 0., 1., 0. ]
stereo_Q: !!opencv-matrix
   rows: 4
   cols: 4
   dt: d
   data: [ 1., 0., 0., -309.1547737121582, 0., 1., 0.,
       -193.8014087677002, 0., 0., 0., 479.17762410344159, 0., 0.,
       -0.016811587380893347, 0. ]